1422 480
1422 481
1422 482
1422 483
1422 496
1422 497
1422 498
1422 499
1422 484
1422 485
1422 486
1422 487
1422 488
1422 489
1422 490
1422 491
1422 492
1422 493
1422 494
1422 495
1422 32
1422 33
1422 34
1422 35
1422 48
1422 49
1422 50
1422 51
1422 36
1422 37
1422 38
1422 39
1422 52
1422 53
1422 54
1422 55
1422 40
1422 41
1422 42
1422 43
1422 56
1422 57
1422 58
1422 59
1422 44
1422 45
1422 46
1422 47
1422 60
1422 61
1422 62
1422 63
1422 128
1422 129
1422 130
1422 131
1422 144
1422 145
1422 146
1422 147
1422 132
1422 133
1422 134
1422 135
1422 148
1422 149
1422 150
1422 151
1422 136
1422 137
1422 138
1422 139
1422 152
1422 153
1422 154
1422 155
1422 140
1422 141
1422 142
1422 143
1422 156
1422 157
1422 158
1422 159
1422 64
1422 65
1422 66
1422 67
1422 80
1422 81
1422 82
1422 83
1422 68
1422 69
1422 70
1422 71
1422 84
1422 85
1422 86
1422 87
1422 72
1422 73
1422 74
1422 75
1422 88
1422 89
1422 90
1422 91
1422 76
1422 77
1422 78
1422 79
1422 92
1422 93
1422 94
1422 95
1422 192
1422 193
1422 194
1422 195
1422 208
1422 209
1422 210
1422 211
1422 196
1422 197
1422 198
1422 199
1422 212
1422 213
1422 214
1422 215
1422 200
1422 201
1422 202
1422 203
1422 216
1422 217
1422 218
1422 219
1422 204
1422 205
1422 206
1422 207
1422 220
1422 221
1422 222
1422 223
1422 448
1422 449
1422 450
1422 451
1422 464
1422 465
1422 466
1422 467
1422 452
1422 453
1422 454
1422 455
1422 468
1422 469
1422 470
1422 471
1422 456
1422 457
1422 458
1422 459
1422 472
1422 473
1422 474
1422 475
1422 460
1422 461
1422 462
1422 463
1422 476
1422 477
1422 478
1422 479
1422 160
1422 161
1422 162
1422 163
1422 176
1422 177
1422 178
1422 179
1422 164
1422 165
1422 166
1422 167
1422 180
1422 181
1422 182
1422 183
1422 168
1422 169
1422 170
1422 171
1422 184
1422 185
1422 186
1422 187
1422 172
1422 173
1422 174
1422 175
1422 188
1422 189
1422 190
1422 191
1422 96
1422 97
1422 98
1422 99
1422 112
1422 113
1422 114
1422 115
1422 100
1422 101
1422 102
1422 103
1422 116
1422 117
1422 118
1422 119
1422 104
1422 105
1422 106
1422 107
1422 120
1422 121
1422 122
1422 123
1422 108
1422 109
1422 110
1422 111
1422 124
1422 125
1422 126
1422 127
1422 384
1422 385
1422 386
1422 387
1422 400
1422 401
1422 402
1422 403
1422 388
1422 389
1422 390
1422 391
1422 404
1422 405
1422 406
1422 407
1422 392
1422 393
1422 394
1422 395
1422 408
1422 409
1422 410
1422 411
1422 396
1422 397
1422 398
1422 399
1422 412
1422 413
1422 414
1422 415
1422 224
1422 225
1422 226
1422 227
1422 240
1422 241
1422 242
1422 243
1422 228
1422 229
1422 230
1422 231
1422 244
1422 245
1422 246
1422 247
1422 232
1422 233
1422 234
1422 235
1422 248
1422 249
1422 250
1422 251
1422 236
1422 237
1422 238
1422 239
1422 252
1422 253
1422 254
1422 255
1422 320
1422 321
1422 322
1422 323
1422 336
1422 337
1422 338
1422 339
1422 324
1422 325
1422 326
1422 327
1422 340
1422 341
1422 342
1422 343
1422 328
1422 329
1422 330
1422 331
1422 344
1422 345
1422 346
1422 347
1422 332
1422 333
1422 334
1422 335
1422 348
1422 349
1422 350
1422 351
1422 416
1422 417
1422 418
1422 419
1422 432
1422 433
1422 434
1422 435
1422 420
1422 421
1422 422
1422 423
1422 436
1422 437
1422 438
1422 439
1422 424
1422 425
1422 426
1422 427
1422 440
1422 441
1422 442
1422 443
1422 428
1422 429
1422 430
1422 431
1422 444
1422 445
1422 446
1422 447
1422 352
1422 353
1422 354
1422 355
1422 368
1422 369
1422 370
1422 371
1422 356
1422 357
1422 358
1422 359
1422 372
1422 373
1422 374
1422 375
1422 360
1422 361
1422 362
1422 363
1422 376
1422 377
1422 378
1422 379
1422 364
1422 365
1422 366
1422 367
1422 380
1422 381
1422 382
1422 383
1422 288
1422 289
1422 290
1422 291
1422 304
1422 305
1422 306
1422 307
1422 292
1422 293
1422 294
1422 295
1422 308
1422 309
1422 310
1422 311
1422 296
1422 297
1422 298
1422 299
1422 312
1422 313
1422 314
1422 315
1422 300
1422 301
1422 302
1422 303
1422 316
1422 317
1422 318
1422 319
1422 0
1422 1
1422 2
1422 3
1422 16
1422 17
1422 18
1422 19
1422 4
1422 5
1422 6
1422 7
1422 20
1422 21
1422 22
1422 23
1422 8
1422 9
1422 10
1422 11
1422 24
1422 25
1422 26
1422 27
1422 12
1422 13
1422 14
1422 15
1422 28
1422 29
1422 30
1422 31
1422 256
1422 257
1422 258
1422 259
1422 272
1422 273
1422 274
1422 275
1422 260
1422 261
1422 262
1422 263
1422 276
1422 277
1422 278
1422 279
1422 264
1422 265
1422 266
1422 267
1422 280
1422 281
1422 282
1422 283
1422 268
1422 269
1422 270
1422 271
1422 284
1422 285
1422 286
1422 287
1423 480
1423 481
1423 482
1423 483
1423 496
1423 497
1423 498
1423 499
1423 484
1423 485
1423 486
1423 487
1423 488
1423 489
1423 490
1423 491
1423 492
1423 493
1423 494
1423 495
1423 32
1423 33
1423 34
1423 35
1423 48
1423 49
1423 50
1423 51
1423 36
1423 37
1423 38
1423 39
1423 52
1423 53
1423 54
1423 55
1423 40
1423 41
1423 42
1423 43
1423 56
1423 57
1423 58
1423 59
1423 44
1423 45
1423 46
1423 47
1423 60
1423 61
1423 62
1423 63
1423 128
1423 129
1423 130
1423 131
1423 144
1423 145
1423 146
1423 147
1423 132
1423 133
1423 134
1423 135
1423 148
1423 149
1423 150
1423 151
1423 136
1423 137
1423 138
1423 139
1423 152
1423 153
1423 154
1423 155
1423 140
1423 141
1423 142
1423 143
1423 156
1423 157
1423 158
1423 159
1423 64
1423 65
1423 66
1423 67
1423 80
1423 81
1423 82
1423 83
1423 68
1423 69
1423 70
1423 71
1423 84
1423 85
1423 86
1423 87
1423 72
1423 73
1423 74
1423 75
1423 88
1423 89
1423 90
1423 91
1423 76
1423 77
1423 78
1423 79
1423 92
1423 93
1423 94
1423 95
1423 192
1423 193
1423 194
1423 195
1423 208
1423 209
1423 210
1423 211
1423 196
1423 197
1423 198
1423 199
1423 212
1423 213
1423 214
1423 215
1423 200
1423 201
1423 202
1423 203
1423 216
1423 217
1423 218
1423 219
1423 204
1423 205
1423 206
1423 207
1423 220
1423 221
1423 222
1423 223
1423 448
1423 449
1423 450
1423 451
1423 464
1423 465
1423 466
1423 467
1423 452
1423 453
1423 454
1423 455
1423 468
1423 469
1423 470
1423 471
1423 456
1423 457
1423 458
1423 459
1423 472
1423 473
1423 474
1423 475
1423 460
1423 461
1423 462
1423 463
1423 476
1423 477
1423 478
1423 479
1423 160
1423 161
1423 162
1423 163
1423 176
1423 177
1423 178
1423 179
1423 164
1423 165
1423 166
1423 167
1423 180
1423 181
1423 182
1423 183
1423 168
1423 169
1423 170
1423 171
1423 184
1423 185
1423 186
1423 187
1423 172
1423 173
1423 174
1423 175
1423 188
1423 189
1423 190
1423 191
1423 96
1423 97
1423 98
1423 99
1423 112
1423 113
1423 114
1423 115
1423 100
1423 101
1423 102
1423 103
1423 116
1423 117
1423 118
1423 119
1423 104
1423 105
1423 106
1423 107
1423 120
1423 121
1423 122
1423 123
1423 108
1423 109
1423 110
1423 111
1423 124
1423 125
1423 126
1423 127
1423 384
1423 385
1423 386
1423 387
1423 400
1423 401
1423 402
1423 403
1423 388
1423 389
1423 390
1423 391
1423 404
1423 405
1423 406
1423 407
1423 392
1423 393
1423 394
1423 395
1423 408
1423 409
1423 410
1423 411
1423 396
1423 397
1423 398
1423 399
1423 412
1423 413
1423 414
1423 415
1423 224
1423 225
1423 226
1423 227
1423 240
1423 241
1423 242
1423 243
1423 228
1423 229
1423 230
1423 231
1423 244
1423 245
1423 246
1423 247
1423 232
1423 233
1423 234
1423 235
1423 248
1423 249
1423 250
1423 251
1423 236
1423 237
1423 238
1423 239
1423 252
1423 253
1423 254
1423 255
1423 320
1423 321
1423 322
1423 323
1423 336
1423 337
1423 338
1423 339
1423 324
1423 325
1423 326
1423 327
1423 340
1423 341
1423 342
1423 343
1423 328
1423 329
1423 330
1423 331
1423 344
1423 345
1423 346
1423 347
1423 332
1423 333
1423 334
1423 335
1423 348
1423 349
1423 350
1423 351
1423 416
1423 417
1423 418
1423 419
1423 432
1423 433
1423 434
1423 435
1423 420
1423 421
1423 422
1423 423
1423 436
1423 437
1423 438
1423 439
1423 424
1423 425
1423 426
1423 427
1423 440
1423 441
1423 442
1423 443
1423 428
1423 429
1423 430
1423 431
1423 444
1423 445
1423 446
1423 447
1423 352
1423 353
1423 354
1423 355
1423 368
1423 369
1423 370
1423 371
1423 356
1423 357
1423 358
1423 359
1423 372
1423 373
1423 374
1423 375
1423 360
1423 361
1423 362
1423 363
1423 376
1423 377
1423 378
1423 379
1423 364
1423 365
1423 366
1423 367
1423 380
1423 381
1423 382
1423 383
1423 288
1423 289
1423 290
1423 291
1423 304
1423 305
1423 306
1423 307
1423 292
1423 293
1423 294
1423 295
1423 308
1423 309
1423 310
1423 311
1423 296
1423 297
1423 298
1423 299
1423 312
1423 313
1423 314
1423 315
1423 300
1423 301
1423 302
1423 303
1423 316
1423 317
1423 318
1423 319
1423 0
1423 1
1423 2
1423 3
1423 16
1423 17
1423 18
1423 19
1423 4
1423 5
1423 6
1423 7
1423 20
1423 21
1423 22
1423 23
1423 8
1423 9
1423 10
1423 11
1423 24
1423 25
1423 26
1423 27
1423 12
1423 13
1423 14
1423 15
1423 28
1423 29
1423 30
1423 31
1423 256
1423 257
1423 258
1423 259
1423 272
1423 273
1423 274
1423 275
1423 260
1423 261
1423 262
1423 263
1423 276
1423 277
1423 278
1423 279
1423 264
1423 265
1423 266
1423 267
1423 280
1423 281
1423 282
1423 283
1423 268
1423 269
1423 270
1423 271
1423 284
1423 285
1423 286
1423 287
1424 480
1424 481
1424 482
1424 483
1424 496
1424 497
1424 498
1424 499
1424 484
1424 485
1424 486
1424 487
1424 488
1424 489
1424 490
1424 491
1424 492
1424 493
1424 494
1424 495
1424 32
1424 33
1424 34
1424 35
1424 48
1424 49
1424 50
1424 51
1424 36
1424 37
1424 38
1424 39
1424 52
1424 53
1424 54
1424 55
1424 40
1424 41
1424 42
1424 43
1424 56
1424 57
1424 58
1424 59
1424 44
1424 45
1424 46
1424 47
1424 60
1424 61
1424 62
1424 63
1424 128
1424 129
1424 130
1424 131
1424 144
1424 145
1424 146
1424 147
1424 132
1424 133
1424 134
1424 135
1424 148
1424 149
1424 150
1424 151
1424 136
1424 137
1424 138
1424 139
1424 152
1424 153
1424 154
1424 155
1424 140
1424 141
1424 142
1424 143
1424 156
1424 157
1424 158
1424 159
1424 64
1424 65
1424 66
1424 67
1424 80
1424 81
1424 82
1424 83
1424 68
1424 69
1424 70
1424 71
1424 84
1424 85
1424 86
1424 87
1424 72
1424 73
1424 74
1424 75
1424 88
1424 89
1424 90
1424 91
1424 76
1424 77
1424 78
1424 79
1424 92
1424 93
1424 94
1424 95
1424 192
1424 193
1424 194
1424 195
1424 208
1424 209
1424 210
1424 211
1424 196
1424 197
1424 198
1424 199
1424 212
1424 213
1424 214
1424 215
1424 200
1424 201
1424 202
1424 203
1424 216
1424 217
1424 218
1424 219
1424 204
1424 205
1424 206
1424 207
1424 220
1424 221
1424 222
1424 223
1424 448
1424 449
1424 450
1424 451
1424 464
1424 465
1424 466
1424 467
1424 452
1424 453
1424 454
1424 455
1424 468
1424 469
1424 470
1424 471
1424 456
1424 457
1424 458
1424 459
1424 472
1424 473
1424 474
1424 475
1424 460
1424 461
1424 462
1424 463
1424 476
1424 477
1424 478
1424 479
1424 160
1424 161
1424 162
1424 163
1424 176
1424 177
1424 178
1424 179
1424 164
1424 165
1424 166
1424 167
1424 180
1424 181
1424 182
1424 183
1424 168
1424 169
1424 170
1424 171
1424 184
1424 185
1424 186
1424 187
1424 172
1424 173
1424 174
1424 175
1424 188
1424 189
1424 190
1424 191
1424 96
1424 97
1424 98
1424 99
1424 112
1424 113
1424 114
1424 115
1424 100
1424 101
1424 102
1424 103
1424 116
1424 117
1424 118
1424 119
1424 104
1424 105
1424 106
1424 107
1424 120
1424 121
1424 122
1424 123
1424 108
1424 109
1424 110
1424 111
1424 124
1424 125
1424 126
1424 127
1424 384
1424 385
1424 386
1424 387
1424 400
1424 401
1424 402
1424 403
1424 388
1424 389
1424 390
1424 391
1424 404
1424 405
1424 406
1424 407
1424 392
1424 393
1424 394
1424 395
1424 408
1424 409
1424 410
1424 411
1424 396
1424 397
1424 398
1424 399
1424 412
1424 413
1424 414
1424 415
1424 224
1424 225
1424 226
1424 227
1424 240
1424 241
1424 242
1424 243
1424 228
1424 229
1424 230
1424 231
1424 244
1424 245
1424 246
1424 247
1424 232
1424 233
1424 234
1424 235
1424 248
1424 249
1424 250
1424 251
1424 236
1424 237
1424 238
1424 239
1424 252
1424 253
1424 254
1424 255
1424 320
1424 321
1424 322
1424 323
1424 336
1424 337
1424 338
1424 339
1424 324
1424 325
1424 326
1424 327
1424 340
1424 341
1424 342
1424 343
1424 328
1424 329
1424 330
1424 331
1424 344
1424 345
1424 346
1424 347
1424 332
1424 333
1424 334
1424 335
1424 348
1424 349
1424 350
1424 351
1424 416
1424 417
1424 418
1424 419
1424 432
1424 433
1424 434
1424 435
1424 420
1424 421
1424 422
1424 423
1424 436
1424 437
1424 438
1424 439
1424 424
1424 425
1424 426
1424 427
1424 440
1424 441
1424 442
1424 443
1424 428
1424 429
1424 430
1424 431
1424 444
1424 445
1424 446
1424 447
1424 352
1424 353
1424 354
1424 355
1424 368
1424 369
1424 370
1424 371
1424 356
1424 357
1424 358
1424 359
1424 372
1424 373
1424 374
1424 375
1424 360
1424 361
1424 362
1424 363
1424 376
1424 377
1424 378
1424 379
1424 364
1424 365
1424 366
1424 367
1424 380
1424 381
1424 382
1424 383
1424 288
1424 289
1424 290
1424 291
1424 304
1424 305
1424 306
1424 307
1424 292
1424 293
1424 294
1424 295
1424 308
1424 309
1424 310
1424 311
1424 296
1424 297
1424 298
1424 299
1424 312
1424 313
1424 314
1424 315
1424 300
1424 301
1424 302
1424 303
1424 316
1424 317
1424 318
1424 319
1424 0
1424 1
1424 2
1424 3
1424 16
1424 17
1424 18
1424 19
1424 4
1424 5
1424 6
1424 7
1424 20
1424 21
1424 22
1424 23
1424 8
1424 9
1424 10
1424 11
1424 24
1424 25
1424 26
1424 27
1424 12
1424 13
1424 14
1424 15
1424 28
1424 29
1424 30
1424 31
1424 256
1424 257
1424 258
1424 259
1424 272
1424 273
1424 274
1424 275
1424 260
1424 261
1424 262
1424 263
1424 276
1424 277
1424 278
1424 279
1424 264
1424 265
1424 266
1424 267
1424 280
1424 281
1424 282
1424 283
1424 268
1424 269
1424 270
1424 271
1424 284
1424 285
1424 286
1424 287
1425 480
1425 481
1425 482
1425 483
1425 496
1425 497
1425 498
1425 499
1425 484
1425 485
1425 486
1425 487
1425 488
1425 489
1425 490
1425 491
1425 492
1425 493
1425 494
1425 495
1425 32
1425 33
1425 34
1425 35
1425 48
1425 49
1425 50
1425 51
1425 36
1425 37
1425 38
1425 39
1425 52
1425 53
1425 54
1425 55
1425 40
1425 41
1425 42
1425 43
1425 56
1425 57
1425 58
1425 59
1425 44
1425 45
1425 46
1425 47
1425 60
1425 61
1425 62
1425 63
1425 128
1425 129
1425 130
1425 131
1425 144
1425 145
1425 146
1425 147
1425 132
1425 133
1425 134
1425 135
1425 148
1425 149
1425 150
1425 151
1425 136
1425 137
1425 138
1425 139
1425 152
1425 153
1425 154
1425 155
1425 140
1425 141
1425 142
1425 143
1425 156
1425 157
1425 158
1425 159
1425 64
1425 65
1425 66
1425 67
1425 80
1425 81
1425 82
1425 83
1425 68
1425 69
1425 70
1425 71
1425 84
1425 85
1425 86
1425 87
1425 72
1425 73
1425 74
1425 75
1425 88
1425 89
1425 90
1425 91
1425 76
1425 77
1425 78
1425 79
1425 92
1425 93
1425 94
1425 95
1425 192
1425 193
1425 194
1425 195
1425 208
1425 209
1425 210
1425 211
1425 196
1425 197
1425 198
1425 199
1425 212
1425 213
1425 214
1425 215
1425 200
1425 201
1425 202
1425 203
1425 216
1425 217
1425 218
1425 219
1425 204
1425 205
1425 206
1425 207
1425 220
1425 221
1425 222
1425 223
1425 448
1425 449
1425 450
1425 451
1425 464
1425 465
1425 466
1425 467
1425 452
1425 453
1425 454
1425 455
1425 468
1425 469
1425 470
1425 471
1425 456
1425 457
1425 458
1425 459
1425 472
1425 473
1425 474
1425 475
1425 460
1425 461
1425 462
1425 463
1425 476
1425 477
1425 478
1425 479
1425 160
1425 161
1425 162
1425 163
1425 176
1425 177
1425 178
1425 179
1425 164
1425 165
1425 166
1425 167
1425 180
1425 181
1425 182
1425 183
1425 168
1425 169
1425 170
1425 171
1425 184
1425 185
1425 186
1425 187
1425 172
1425 173
1425 174
1425 175
1425 188
1425 189
1425 190
1425 191
1425 96
1425 97
1425 98
1425 99
1425 112
1425 113
1425 114
1425 115
1425 100
1425 101
1425 102
1425 103
1425 116
1425 117
1425 118
1425 119
1425 104
1425 105
1425 106
1425 107
1425 120
1425 121
1425 122
1425 123
1425 108
1425 109
1425 110
1425 111
1425 124
1425 125
1425 126
1425 127
1425 384
1425 385
1425 386
1425 387
1425 400
1425 401
1425 402
1425 403
1425 388
1425 389
1425 390
1425 391
1425 404
1425 405
1425 406
1425 407
1425 392
1425 393
1425 394
1425 395
1425 408
1425 409
1425 410
1425 411
1425 396
1425 397
1425 398
1425 399
1425 412
1425 413
1425 414
1425 415
1425 224
1425 225
1425 226
1425 227
1425 240
1425 241
1425 242
1425 243
1425 228
1425 229
1425 230
1425 231
1425 244
1425 245
1425 246
1425 247
1425 232
1425 233
1425 234
1425 235
1425 248
1425 249
1425 250
1425 251
1425 236
1425 237
1425 238
1425 239
1425 252
1425 253
1425 254
1425 255
1425 320
1425 321
1425 322
1425 323
1425 336
1425 337
1425 338
1425 339
1425 324
1425 325
1425 326
1425 327
1425 340
1425 341
1425 342
1425 343
1425 328
1425 329
1425 330
1425 331
1425 344
1425 345
1425 346
1425 347
1425 332
1425 333
1425 334
1425 335
1425 348
1425 349
1425 350
1425 351
1425 416
1425 417
1425 418
1425 419
1425 432
1425 433
1425 434
1425 435
1425 420
1425 421
1425 422
1425 423
1425 436
1425 437
1425 438
1425 439
1425 424
1425 425
1425 426
1425 427
1425 440
1425 441
1425 442
1425 443
1425 428
1425 429
1425 430
1425 431
1425 444
1425 445
1425 446
1425 447
1425 352
1425 353
1425 354
1425 355
1425 368
1425 369
1425 370
1425 371
1425 356
1425 357
1425 358
1425 359
1425 372
1425 373
1425 374
1425 375
1425 360
1425 361
1425 362
1425 363
1425 376
1425 377
1425 378
1425 379
1425 364
1425 365
1425 366
1425 367
1425 380
1425 381
1425 382
1425 383
1425 288
1425 289
1425 290
1425 291
1425 304
1425 305
1425 306
1425 307
1425 292
1425 293
1425 294
1425 295
1425 308
1425 309
1425 310
1425 311
1425 296
1425 297
1425 298
1425 299
1425 312
1425 313
1425 314
1425 315
1425 300
1425 301
1425 302
1425 303
1425 316
1425 317
1425 318
1425 319
1425 0
1425 1
1425 2
1425 3
1425 16
1425 17
1425 18
1425 19
1425 4
1425 5
1425 6
1425 7
1425 20
1425 21
1425 22
1425 23
1425 8
1425 9
1425 10
1425 11
1425 24
1425 25
1425 26
1425 27
1425 12
1425 13
1425 14
1425 15
1425 28
1425 29
1425 30
1425 31
1425 256
1425 257
1425 258
1425 259
1425 272
1425 273
1425 274
1425 275
1425 260
1425 261
1425 262
1425 263
1425 276
1425 277
1425 278
1425 279
1425 264
1425 265
1425 266
1425 267
1425 280
1425 281
1425 282
1425 283
1425 268
1425 269
1425 270
1425 271
1425 284
1425 285
1425 286
1425 287
1426 480
1426 481
1426 482
1426 483
1426 496
1426 497
1426 498
1426 499
1426 484
1426 485
1426 486
1426 487
1426 488
1426 489
1426 490
1426 491
1426 492
1426 493
1426 494
1426 495
1426 32
1426 33
1426 34
1426 35
1426 48
1426 49
1426 50
1426 51
1426 36
1426 37
1426 38
1426 39
1426 52
1426 53
1426 54
1426 55
1426 40
1426 41
1426 42
1426 43
1426 56
1426 57
1426 58
1426 59
1426 44
1426 45
1426 46
1426 47
1426 60
1426 61
1426 62
1426 63
1426 128
1426 129
1426 130
1426 131
1426 144
1426 145
1426 146
1426 147
1426 132
1426 133
1426 134
1426 135
1426 148
1426 149
1426 150
1426 151
1426 136
1426 137
1426 138
1426 139
1426 152
1426 153
1426 154
1426 155
1426 140
1426 141
1426 142
1426 143
1426 156
1426 157
1426 158
1426 159
1426 64
1426 65
1426 66
1426 67
1426 80
1426 81
1426 82
1426 83
1426 68
1426 69
1426 70
1426 71
1426 84
1426 85
1426 86
1426 87
1426 72
1426 73
1426 74
1426 75
1426 88
1426 89
1426 90
1426 91
1426 76
1426 77
1426 78
1426 79
1426 92
1426 93
1426 94
1426 95
1426 192
1426 193
1426 194
1426 195
1426 208
1426 209
1426 210
1426 211
1426 196
1426 197
1426 198
1426 199
1426 212
1426 213
1426 214
1426 215
1426 200
1426 201
1426 202
1426 203
1426 216
1426 217
1426 218
1426 219
1426 204
1426 205
1426 206
1426 207
1426 220
1426 221
1426 222
1426 223
1426 448
1426 449
1426 450
1426 451
1426 464
1426 465
1426 466
1426 467
1426 452
1426 453
1426 454
1426 455
1426 468
1426 469
1426 470
1426 471
1426 456
1426 457
1426 458
1426 459
1426 472
1426 473
1426 474
1426 475
1426 460
1426 461
1426 462
1426 463
1426 476
1426 477
1426 478
1426 479
1426 160
1426 161
1426 162
1426 163
1426 176
1426 177
1426 178
1426 179
1426 164
1426 165
1426 166
1426 167
1426 180
1426 181
1426 182
1426 183
1426 168
1426 169
1426 170
1426 171
1426 184
1426 185
1426 186
1426 187
1426 172
1426 173
1426 174
1426 175
1426 188
1426 189
1426 190
1426 191
1426 96
1426 97
1426 98
1426 99
1426 112
1426 113
1426 114
1426 115
1426 100
1426 101
1426 102
1426 103
1426 116
1426 117
1426 118
1426 119
1426 104
1426 105
1426 106
1426 107
1426 120
1426 121
1426 122
1426 123
1426 108
1426 109
1426 110
1426 111
1426 124
1426 125
1426 126
1426 127
1426 384
1426 385
1426 386
1426 387
1426 400
1426 401
1426 402
1426 403
1426 388
1426 389
1426 390
1426 391
1426 404
1426 405
1426 406
1426 407
1426 392
1426 393
1426 394
1426 395
1426 408
1426 409
1426 410
1426 411
1426 396
1426 397
1426 398
1426 399
1426 412
1426 413
1426 414
1426 415
1426 224
1426 225
1426 226
1426 227
1426 240
1426 241
1426 242
1426 243
1426 228
1426 229
1426 230
1426 231
1426 244
1426 245
1426 246
1426 247
1426 232
1426 233
1426 234
1426 235
1426 248
1426 249
1426 250
1426 251
1426 236
1426 237
1426 238
1426 239
1426 252
1426 253
1426 254
1426 255
1426 320
1426 321
1426 322
1426 323
1426 336
1426 337
1426 338
1426 339
1426 324
1426 325
1426 326
1426 327
1426 340
1426 341
1426 342
1426 343
1426 328
1426 329
1426 330
1426 331
1426 344
1426 345
1426 346
1426 347
1426 332
1426 333
1426 334
1426 335
1426 348
1426 349
1426 350
1426 351
1426 416
1426 417
1426 418
1426 419
1426 432
1426 433
1426 434
1426 435
1426 420
1426 421
1426 422
1426 423
1426 436
1426 437
1426 438
1426 439
1426 424
1426 425
1426 426
1426 427
1426 440
1426 441
1426 442
1426 443
1426 428
1426 429
1426 430
1426 431
1426 444
1426 445
1426 446
1426 447
1426 352
1426 353
1426 354
1426 355
1426 368
1426 369
1426 370
1426 371
1426 356
1426 357
1426 358
1426 359
1426 372
1426 373
1426 374
1426 375
1426 360
1426 361
1426 362
1426 363
1426 376
1426 377
1426 378
1426 379
1426 364
1426 365
1426 366
1426 367
1426 380
1426 381
1426 382
1426 383
1426 288
1426 289
1426 290
1426 291
1426 304
1426 305
1426 306
1426 307
1426 292
1426 293
1426 294
1426 295
1426 308
1426 309
1426 310
1426 311
1426 296
1426 297
1426 298
1426 299
1426 312
1426 313
1426 314
1426 315
1426 300
1426 301
1426 302
1426 303
1426 316
1426 317
1426 318
1426 319
1426 0
1426 1
1426 2
1426 3
1426 16
1426 17
1426 18
1426 19
1426 4
1426 5
1426 6
1426 7
1426 20
1426 21
1426 22
1426 23
1426 8
1426 9
1426 10
1426 11
1426 24
1426 25
1426 26
1426 27
1426 12
1426 13
1426 14
1426 15
1426 28
1426 29
1426 30
1426 31
1426 256
1426 257
1426 258
1426 259
1426 272
1426 273
1426 274
1426 275
1426 260
1426 261
1426 262
1426 263
1426 276
1426 277
1426 278
1426 279
1426 264
1426 265
1426 266
1426 267
1426 280
1426 281
1426 282
1426 283
1426 268
1426 269
1426 270
1426 271
1426 284
1426 285
1426 286
1426 287
1427 480
1427 481
1427 482
1427 483
1427 496
1427 497
1427 498
1427 499
1427 484
1427 485
1427 486
1427 487
1427 488
1427 489
1427 490
1427 491
1427 492
1427 493
1427 494
1427 495
1427 32
1427 33
1427 34
1427 35
1427 48
1427 49
1427 50
1427 51
1427 36
1427 37
1427 38
1427 39
1427 52
1427 53
1427 54
1427 55
1427 40
1427 41
1427 42
1427 43
1427 56
1427 57
1427 58
1427 59
1427 44
1427 45
1427 46
1427 47
1427 60
1427 61
1427 62
1427 63
1427 128
1427 129
1427 130
1427 131
1427 144
1427 145
1427 146
1427 147
1427 132
1427 133
1427 134
1427 135
1427 148
1427 149
1427 150
1427 151
1427 136
1427 137
1427 138
1427 139
1427 152
1427 153
1427 154
1427 155
1427 140
1427 141
1427 142
1427 143
1427 156
1427 157
1427 158
1427 159
1427 64
1427 65
1427 66
1427 67
1427 80
1427 81
1427 82
1427 83
1427 68
1427 69
1427 70
1427 71
1427 84
1427 85
1427 86
1427 87
1427 72
1427 73
1427 74
1427 75
1427 88
1427 89
1427 90
1427 91
1427 76
1427 77
1427 78
1427 79
1427 92
1427 93
1427 94
1427 95
1427 192
1427 193
1427 194
1427 195
1427 208
1427 209
1427 210
1427 211
1427 196
1427 197
1427 198
1427 199
1427 212
1427 213
1427 214
1427 215
1427 200
1427 201
1427 202
1427 203
1427 216
1427 217
1427 218
1427 219
1427 204
1427 205
1427 206
1427 207
1427 220
1427 221
1427 222
1427 223
1427 448
1427 449
1427 450
1427 451
1427 464
1427 465
1427 466
1427 467
1427 452
1427 453
1427 454
1427 455
1427 468
1427 469
1427 470
1427 471
1427 456
1427 457
1427 458
1427 459
1427 472
1427 473
1427 474
1427 475
1427 460
1427 461
1427 462
1427 463
1427 476
1427 477
1427 478
1427 479
1427 160
1427 161
1427 162
1427 163
1427 176
1427 177
1427 178
1427 179
1427 164
1427 165
1427 166
1427 167
1427 180
1427 181
1427 182
1427 183
1427 168
1427 169
1427 170
1427 171
1427 184
1427 185
1427 186
1427 187
1427 172
1427 173
1427 174
1427 175
1427 188
1427 189
1427 190
1427 191
1427 96
1427 97
1427 98
1427 99
1427 112
1427 113
1427 114
1427 115
1427 100
1427 101
1427 102
1427 103
1427 116
1427 117
1427 118
1427 119
1427 104
1427 105
1427 106
1427 107
1427 120
1427 121
1427 122
1427 123
1427 108
1427 109
1427 110
1427 111
1427 124
1427 125
1427 126
1427 127
1427 384
1427 385
1427 386
1427 387
1427 400
1427 401
1427 402
1427 403
1427 388
1427 389
1427 390
1427 391
1427 404
1427 405
1427 406
1427 407
1427 392
1427 393
1427 394
1427 395
1427 408
1427 409
1427 410
1427 411
1427 396
1427 397
1427 398
1427 399
1427 412
1427 413
1427 414
1427 415
1427 224
1427 225
1427 226
1427 227
1427 240
1427 241
1427 242
1427 243
1427 228
1427 229
1427 230
1427 231
1427 244
1427 245
1427 246
1427 247
1427 232
1427 233
1427 234
1427 235
1427 248
1427 249
1427 250
1427 251
1427 236
1427 237
1427 238
1427 239
1427 252
1427 253
1427 254
1427 255
1427 320
1427 321
1427 322
1427 323
1427 336
1427 337
1427 338
1427 339
1427 324
1427 325
1427 326
1427 327
1427 340
1427 341
1427 342
1427 343
1427 328
1427 329
1427 330
1427 331
1427 344
1427 345
1427 346
1427 347
1427 332
1427 333
1427 334
1427 335
1427 348
1427 349
1427 350
1427 351
1427 416
1427 417
1427 418
1427 419
1427 432
1427 433
1427 434
1427 435
1427 420
1427 421
1427 422
1427 423
1427 436
1427 437
1427 438
1427 439
1427 424
1427 425
1427 426
1427 427
1427 440
1427 441
1427 442
1427 443
1427 428
1427 429
1427 430
1427 431
1427 444
1427 445
1427 446
1427 447
1427 352
1427 353
1427 354
1427 355
1427 368
1427 369
1427 370
1427 371
1427 356
1427 357
1427 358
1427 359
1427 372
1427 373
1427 374
1427 375
1427 360
1427 361
1427 362
1427 363
1427 376
1427 377
1427 378
1427 379
1427 364
1427 365
1427 366
1427 367
1427 380
1427 381
1427 382
1427 383
1427 288
1427 289
1427 290
1427 291
1427 304
1427 305
1427 306
1427 307
1427 292
1427 293
1427 294
1427 295
1427 308
1427 309
1427 310
1427 311
1427 296
1427 297
1427 298
1427 299
1427 312
1427 313
1427 314
1427 315
1427 300
1427 301
1427 302
1427 303
1427 316
1427 317
1427 318
1427 319
1427 0
1427 1
1427 2
1427 3
1427 16
1427 17
1427 18
1427 19
1427 4
1427 5
1427 6
1427 7
1427 20
1427 21
1427 22
1427 23
1427 8
1427 9
1427 10
1427 11
1427 24
1427 25
1427 26
1427 27
1427 12
1427 13
1427 14
1427 15
1427 28
1427 29
1427 30
1427 31
1427 256
1427 257
1427 258
1427 259
1427 272
1427 273
1427 274
1427 275
1427 260
1427 261
1427 262
1427 263
1427 276
1427 277
1427 278
1427 279
1427 264
1427 265
1427 266
1427 267
1427 280
1427 281
1427 282
1427 283
1427 268
1427 269
1427 270
1427 271
1427 284
1427 285
1427 286
1427 287
1428 480
1428 481
1428 482
1428 483
1428 496
1428 497
1428 498
1428 499
1428 484
1428 485
1428 486
1428 487
1428 488
1428 489
1428 490
1428 491
1428 492
1428 493
1428 494
1428 495
1428 32
1428 33
1428 34
1428 35
1428 48
1428 49
1428 50
1428 51
1428 36
1428 37
1428 38
1428 39
1428 52
1428 53
1428 54
1428 55
1428 40
1428 41
1428 42
1428 43
1428 56
1428 57
1428 58
1428 59
1428 44
1428 45
1428 46
1428 47
1428 60
1428 61
1428 62
1428 63
1428 128
1428 129
1428 130
1428 131
1428 144
1428 145
1428 146
1428 147
1428 132
1428 133
1428 134
1428 135
1428 148
1428 149
1428 150
1428 151
1428 136
1428 137
1428 138
1428 139
1428 152
1428 153
1428 154
1428 155
1428 140
1428 141
1428 142
1428 143
1428 156
1428 157
1428 158
1428 159
1428 64
1428 65
1428 66
1428 67
1428 80
1428 81
1428 82
1428 83
1428 68
1428 69
1428 70
1428 71
1428 84
1428 85
1428 86
1428 87
1428 72
1428 73
1428 74
1428 75
1428 88
1428 89
1428 90
1428 91
1428 76
1428 77
1428 78
1428 79
1428 92
1428 93
1428 94
1428 95
1428 192
1428 193
1428 194
1428 195
1428 208
1428 209
1428 210
1428 211
1428 196
1428 197
1428 198
1428 199
1428 212
1428 213
1428 214
1428 215
1428 200
1428 201
1428 202
1428 203
1428 216
1428 217
1428 218
1428 219
1428 204
1428 205
1428 206
1428 207
1428 220
1428 221
1428 222
1428 223
1428 448
1428 449
1428 450
1428 451
1428 464
1428 465
1428 466
1428 467
1428 452
1428 453
1428 454
1428 455
1428 468
1428 469
1428 470
1428 471
1428 456
1428 457
1428 458
1428 459
1428 472
1428 473
1428 474
1428 475
1428 460
1428 461
1428 462
1428 463
1428 476
1428 477
1428 478
1428 479
1428 160
1428 161
1428 162
1428 163
1428 176
1428 177
1428 178
1428 179
1428 164
1428 165
1428 166
1428 167
1428 180
1428 181
1428 182
1428 183
1428 168
1428 169
1428 170
1428 171
1428 184
1428 185
1428 186
1428 187
1428 172
1428 173
1428 174
1428 175
1428 188
1428 189
1428 190
1428 191
1428 96
1428 97
1428 98
1428 99
1428 112
1428 113
1428 114
1428 115
1428 100
1428 101
1428 102
1428 103
1428 116
1428 117
1428 118
1428 119
1428 104
1428 105
1428 106
1428 107
1428 120
1428 121
1428 122
1428 123
1428 108
1428 109
1428 110
1428 111
1428 124
1428 125
1428 126
1428 127
1428 384
1428 385
1428 386
1428 387
1428 400
1428 401
1428 402
1428 403
1428 388
1428 389
1428 390
1428 391
1428 404
1428 405
1428 406
1428 407
1428 392
1428 393
1428 394
1428 395
1428 408
1428 409
1428 410
1428 411
1428 396
1428 397
1428 398
1428 399
1428 412
1428 413
1428 414
1428 415
1428 224
1428 225
1428 226
1428 227
1428 240
1428 241
1428 242
1428 243
1428 228
1428 229
1428 230
1428 231
1428 244
1428 245
1428 246
1428 247
1428 232
1428 233
1428 234
1428 235
1428 248
1428 249
1428 250
1428 251
1428 236
1428 237
1428 238
1428 239
1428 252
1428 253
1428 254
1428 255
1428 320
1428 321
1428 322
1428 323
1428 336
1428 337
1428 338
1428 339
1428 324
1428 325
1428 326
1428 327
1428 340
1428 341
1428 342
1428 343
1428 328
1428 329
1428 330
1428 331
1428 344
1428 345
1428 346
1428 347
1428 332
1428 333
1428 334
1428 335
1428 348
1428 349
1428 350
1428 351
1428 416
1428 417
1428 418
1428 419
1428 432
1428 433
1428 434
1428 435
1428 420
1428 421
1428 422
1428 423
1428 436
1428 437
1428 438
1428 439
1428 424
1428 425
1428 426
1428 427
1428 440
1428 441
1428 442
1428 443
1428 428
1428 429
1428 430
1428 431
1428 444
1428 445
1428 446
1428 447
1428 352
1428 353
1428 354
1428 355
1428 368
1428 369
1428 370
1428 371
1428 356
1428 357
1428 358
1428 359
1428 372
1428 373
1428 374
1428 375
1428 360
1428 361
1428 362
1428 363
1428 376
1428 377
1428 378
1428 379
1428 364
1428 365
1428 366
1428 367
1428 380
1428 381
1428 382
1428 383
1428 288
1428 289
1428 290
1428 291
1428 304
1428 305
1428 306
1428 307
1428 292
1428 293
1428 294
1428 295
1428 308
1428 309
1428 310
1428 311
1428 296
1428 297
1428 298
1428 299
1428 312
1428 313
1428 314
1428 315
1428 300
1428 301
1428 302
1428 303
1428 316
1428 317
1428 318
1428 319
1428 0
1428 1
1428 2
1428 3
1428 16
1428 17
1428 18
1428 19
1428 4
1428 5
1428 6
1428 7
1428 20
1428 21
1428 22
1428 23
1428 8
1428 9
1428 10
1428 11
1428 24
1428 25
1428 26
1428 27
1428 12
1428 13
1428 14
1428 15
1428 28
1428 29
1428 30
1428 31
1428 256
1428 257
1428 258
1428 259
1428 272
1428 273
1428 274
1428 275
1428 260
1428 261
1428 262
1428 263
1428 276
1428 277
1428 278
1428 279
1428 264
1428 265
1428 266
1428 267
1428 280
1428 281
1428 282
1428 283
1428 268
1428 269
1428 270
1428 271
1428 284
1428 285
1428 286
1428 287
2003 480
2003 481
2003 482
2003 483
2003 496
2003 497
2003 498
2003 499
2003 484
2003 485
2003 486
2003 487
2003 488
2003 489
2003 490
2003 491
2003 492
2003 493
2003 494
2003 495
2003 192
2003 193
2003 194
2003 195
2003 208
2003 209
2003 210
2003 211
2003 196
2003 197
2003 198
2003 199
2003 212
2003 213
2003 214
2003 215
2003 200
2003 201
2003 202
2003 203
2003 216
2003 217
2003 218
2003 219
2003 204
2003 205
2003 206
2003 207
2003 220
2003 221
2003 222
2003 223
2003 448
2003 449
2003 450
2003 451
2003 464
2003 465
2003 466
2003 467
2003 452
2003 453
2003 454
2003 455
2003 468
2003 469
2003 470
2003 471
2003 456
2003 457
2003 458
2003 459
2003 472
2003 473
2003 474
2003 475
2003 460
2003 461
2003 462
2003 463
2003 476
2003 477
2003 478
2003 479
2003 320
2003 321
2003 322
2003 323
2003 336
2003 337
2003 338
2003 339
2003 324
2003 325
2003 326
2003 327
2003 340
2003 341
2003 342
2003 343
2003 328
2003 329
2003 330
2003 331
2003 344
2003 345
2003 346
2003 347
2003 332
2003 333
2003 334
2003 335
2003 348
2003 349
2003 350
2003 351
2003 32
2003 33
2003 34
2003 35
2003 48
2003 49
2003 50
2003 51
2003 36
2003 37
2003 38
2003 39
2003 52
2003 53
2003 54
2003 55
2003 40
2003 41
2003 42
2003 43
2003 56
2003 57
2003 58
2003 59
2003 44
2003 45
2003 46
2003 47
2003 60
2003 61
2003 62
2003 63
2003 384
2003 385
2003 386
2003 387
2003 400
2003 401
2003 402
2003 403
2003 388
2003 389
2003 390
2003 391
2003 404
2003 405
2003 406
2003 407
2003 392
2003 393
2003 394
2003 395
2003 408
2003 409
2003 410
2003 411
2003 396
2003 397
2003 398
2003 399
2003 412
2003 413
2003 414
2003 415
2003 64
2003 65
2003 66
2003 67
2003 80
2003 81
2003 82
2003 83
2003 68
2003 69
2003 70
2003 71
2003 84
2003 85
2003 86
2003 87
2003 72
2003 73
2003 74
2003 75
2003 88
2003 89
2003 90
2003 91
2003 76
2003 77
2003 78
2003 79
2003 92
2003 93
2003 94
2003 95
2003 0
2003 1
2003 2
2003 3
2003 16
2003 17
2003 18
2003 19
2003 4
2003 5
2003 6
2003 7
2003 20
2003 21
2003 22
2003 23
2003 8
2003 9
2003 10
2003 11
2003 24
2003 25
2003 26
2003 27
2003 12
2003 13
2003 14
2003 15
2003 28
2003 29
2003 30
2003 31
2003 224
2003 225
2003 226
2003 227
2003 240
2003 241
2003 242
2003 243
2003 228
2003 229
2003 230
2003 231
2003 244
2003 245
2003 246
2003 247
2003 232
2003 233
2003 234
2003 235
2003 248
2003 249
2003 250
2003 251
2003 236
2003 237
2003 238
2003 239
2003 252
2003 253
2003 254
2003 255
2003 128
2003 129
2003 130
2003 131
2003 144
2003 145
2003 146
2003 147
2003 132
2003 133
2003 134
2003 135
2003 148
2003 149
2003 150
2003 151
2003 136
2003 137
2003 138
2003 139
2003 152
2003 153
2003 154
2003 155
2003 140
2003 141
2003 142
2003 143
2003 156
2003 157
2003 158
2003 159
2003 96
2003 97
2003 98
2003 99
2003 112
2003 113
2003 114
2003 115
2003 100
2003 101
2003 102
2003 103
2003 116
2003 117
2003 118
2003 119
2003 104
2003 105
2003 106
2003 107
2003 120
2003 121
2003 122
2003 123
2003 108
2003 109
2003 110
2003 111
2003 124
2003 125
2003 126
2003 127
2003 352
2003 353
2003 354
2003 355
2003 368
2003 369
2003 370
2003 371
2003 356
2003 357
2003 358
2003 359
2003 372
2003 373
2003 374
2003 375
2003 360
2003 361
2003 362
2003 363
2003 376
2003 377
2003 378
2003 379
2003 364
2003 365
2003 366
2003 367
2003 380
2003 381
2003 382
2003 383
2003 256
2003 257
2003 258
2003 259
2003 272
2003 273
2003 274
2003 275
2003 260
2003 261
2003 262
2003 263
2003 276
2003 277
2003 278
2003 279
2003 264
2003 265
2003 266
2003 267
2003 280
2003 281
2003 282
2003 283
2003 268
2003 269
2003 270
2003 271
2003 284
2003 285
2003 286
2003 287
2003 288
2003 289
2003 290
2003 291
2003 304
2003 305
2003 306
2003 307
2003 292
2003 293
2003 294
2003 295
2003 308
2003 309
2003 310
2003 311
2003 296
2003 297
2003 298
2003 299
2003 312
2003 313
2003 314
2003 315
2003 300
2003 301
2003 302
2003 303
2003 316
2003 317
2003 318
2003 319
2003 160
2003 161
2003 162
2003 163
2003 176
2003 177
2003 178
2003 179
2003 164
2003 165
2003 166
2003 167
2003 180
2003 181
2003 182
2003 183
2003 168
2003 169
2003 170
2003 171
2003 184
2003 185
2003 186
2003 187
2003 172
2003 173
2003 174
2003 175
2003 188
2003 189
2003 190
2003 191
2003 416
2003 417
2003 418
2003 419
2003 432
2003 433
2003 434
2003 435
2003 420
2003 421
2003 422
2003 423
2003 436
2003 437
2003 438
2003 439
2003 424
2003 425
2003 426
2003 427
2003 440
2003 441
2003 442
2003 443
2003 428
2003 429
2003 430
2003 431
2003 444
2003 445
2003 446
2003 447
2004 480
2004 481
2004 482
2004 483
2004 496
2004 497
2004 498
2004 499
2004 484
2004 485
2004 486
2004 487
2004 488
2004 489
2004 490
2004 491
2004 492
2004 493
2004 494
2004 495
2004 192
2004 193
2004 194
2004 195
2004 208
2004 209
2004 210
2004 211
2004 196
2004 197
2004 198
2004 199
2004 212
2004 213
2004 214
2004 215
2004 200
2004 201
2004 202
2004 203
2004 216
2004 217
2004 218
2004 219
2004 204
2004 205
2004 206
2004 207
2004 220
2004 221
2004 222
2004 223
2004 448
2004 449
2004 450
2004 451
2004 464
2004 465
2004 466
2004 467
2004 452
2004 453
2004 454
2004 455
2004 468
2004 469
2004 470
2004 471
2004 456
2004 457
2004 458
2004 459
2004 472
2004 473
2004 474
2004 475
2004 460
2004 461
2004 462
2004 463
2004 476
2004 477
2004 478
2004 479
2004 320
2004 321
2004 322
2004 323
2004 336
2004 337
2004 338
2004 339
2004 324
2004 325
2004 326
2004 327
2004 340
2004 341
2004 342
2004 343
2004 328
2004 329
2004 330
2004 331
2004 344
2004 345
2004 346
2004 347
2004 332
2004 333
2004 334
2004 335
2004 348
2004 349
2004 350
2004 351
2004 32
2004 33
2004 34
2004 35
2004 48
2004 49
2004 50
2004 51
2004 36
2004 37
2004 38
2004 39
2004 52
2004 53
2004 54
2004 55
2004 40
2004 41
2004 42
2004 43
2004 56
2004 57
2004 58
2004 59
2004 44
2004 45
2004 46
2004 47
2004 60
2004 61
2004 62
2004 63
2004 384
2004 385
2004 386
2004 387
2004 400
2004 401
2004 402
2004 403
2004 388
2004 389
2004 390
2004 391
2004 404
2004 405
2004 406
2004 407
2004 392
2004 393
2004 394
2004 395
2004 408
2004 409
2004 410
2004 411
2004 396
2004 397
2004 398
2004 399
2004 412
2004 413
2004 414
2004 415
2004 64
2004 65
2004 66
2004 67
2004 80
2004 81
2004 82
2004 83
2004 68
2004 69
2004 70
2004 71
2004 84
2004 85
2004 86
2004 87
2004 72
2004 73
2004 74
2004 75
2004 88
2004 89
2004 90
2004 91
2004 76
2004 77
2004 78
2004 79
2004 92
2004 93
2004 94
2004 95
2004 0
2004 1
2004 2
2004 3
2004 16
2004 17
2004 18
2004 19
2004 4
2004 5
2004 6
2004 7
2004 20
2004 21
2004 22
2004 23
2004 8
2004 9
2004 10
2004 11
2004 24
2004 25
2004 26
2004 27
2004 12
2004 13
2004 14
2004 15
2004 28
2004 29
2004 30
2004 31
2004 224
2004 225
2004 226
2004 227
2004 240
2004 241
2004 242
2004 243
2004 228
2004 229
2004 230
2004 231
2004 244
2004 245
2004 246
2004 247
2004 232
2004 233
2004 234
2004 235
2004 248
2004 249
2004 250
2004 251
2004 236
2004 237
2004 238
2004 239
2004 252
2004 253
2004 254
2004 255
2004 128
2004 129
2004 130
2004 131
2004 144
2004 145
2004 146
2004 147
2004 132
2004 133
2004 134
2004 135
2004 148
2004 149
2004 150
2004 151
2004 136
2004 137
2004 138
2004 139
2004 152
2004 153
2004 154
2004 155
2004 140
2004 141
2004 142
2004 143
2004 156
2004 157
2004 158
2004 159
2004 96
2004 97
2004 98
2004 99
2004 112
2004 113
2004 114
2004 115
2004 100
2004 101
2004 102
2004 103
2004 116
2004 117
2004 118
2004 119
2004 104
2004 105
2004 106
2004 107
2004 120
2004 121
2004 122
2004 123
2004 108
2004 109
2004 110
2004 111
2004 124
2004 125
2004 126
2004 127
2004 352
2004 353
2004 354
2004 355
2004 368
2004 369
2004 370
2004 371
2004 356
2004 357
2004 358
2004 359
2004 372
2004 373
2004 374
2004 375
2004 360
2004 361
2004 362
2004 363
2004 376
2004 377
2004 378
2004 379
2004 364
2004 365
2004 366
2004 367
2004 380
2004 381
2004 382
2004 383
2004 256
2004 257
2004 258
2004 259
2004 272
2004 273
2004 274
2004 275
2004 260
2004 261
2004 262
2004 263
2004 276
2004 277
2004 278
2004 279
2004 264
2004 265
2004 266
2004 267
2004 280
2004 281
2004 282
2004 283
2004 268
2004 269
2004 270
2004 271
2004 284
2004 285
2004 286
2004 287
2004 288
2004 289
2004 290
2004 291
2004 304
2004 305
2004 306
2004 307
2004 292
2004 293
2004 294
2004 295
2004 308
2004 309
2004 310
2004 311
2004 296
2004 297
2004 298
2004 299
2004 312
2004 313
2004 314
2004 315
2004 300
2004 301
2004 302
2004 303
2004 316
2004 317
2004 318
2004 319
2004 160
2004 161
2004 162
2004 163
2004 176
2004 177
2004 178
2004 179
2004 164
2004 165
2004 166
2004 167
2004 180
2004 181
2004 182
2004 183
2004 168
2004 169
2004 170
2004 171
2004 184
2004 185
2004 186
2004 187
2004 172
2004 173
2004 174
2004 175
2004 188
2004 189
2004 190
2004 191
2004 416
2004 417
2004 418
2004 419
2004 432
2004 433
2004 434
2004 435
2004 420
2004 421
2004 422
2004 423
2004 436
2004 437
2004 438
2004 439
2004 424
2004 425
2004 426
2004 427
2004 440
2004 441
2004 442
2004 443
2004 428
2004 429
2004 430
2004 431
2004 444
2004 445
2004 446
2004 447
2005 480
2005 481
2005 482
2005 483
2005 496
2005 497
2005 498
2005 499
2005 484
2005 485
2005 486
2005 487
2005 488
2005 489
2005 490
2005 491
2005 492
2005 493
2005 494
2005 495
2005 192
2005 193
2005 194
2005 195
2005 208
2005 209
2005 210
2005 211
2005 196
2005 197
2005 198
2005 199
2005 212
2005 213
2005 214
2005 215
2005 200
2005 201
2005 202
2005 203
2005 216
2005 217
2005 218
2005 219
2005 204
2005 205
2005 206
2005 207
2005 220
2005 221
2005 222
2005 223
2005 448
2005 449
2005 450
2005 451
2005 464
2005 465
2005 466
2005 467
2005 452
2005 453
2005 454
2005 455
2005 468
2005 469
2005 470
2005 471
2005 456
2005 457
2005 458
2005 459
2005 472
2005 473
2005 474
2005 475
2005 460
2005 461
2005 462
2005 463
2005 476
2005 477
2005 478
2005 479
2005 320
2005 321
2005 322
2005 323
2005 336
2005 337
2005 338
2005 339
2005 324
2005 325
2005 326
2005 327
2005 340
2005 341
2005 342
2005 343
2005 328
2005 329
2005 330
2005 331
2005 344
2005 345
2005 346
2005 347
2005 332
2005 333
2005 334
2005 335
2005 348
2005 349
2005 350
2005 351
2005 32
2005 33
2005 34
2005 35
2005 48
2005 49
2005 50
2005 51
2005 36
2005 37
2005 38
2005 39
2005 52
2005 53
2005 54
2005 55
2005 40
2005 41
2005 42
2005 43
2005 56
2005 57
2005 58
2005 59
2005 44
2005 45
2005 46
2005 47
2005 60
2005 61
2005 62
2005 63
2005 384
2005 385
2005 386
2005 387
2005 400
2005 401
2005 402
2005 403
2005 388
2005 389
2005 390
2005 391
2005 404
2005 405
2005 406
2005 407
2005 392
2005 393
2005 394
2005 395
2005 408
2005 409
2005 410
2005 411
2005 396
2005 397
2005 398
2005 399
2005 412
2005 413
2005 414
2005 415
2005 64
2005 65
2005 66
2005 67
2005 80
2005 81
2005 82
2005 83
2005 68
2005 69
2005 70
2005 71
2005 84
2005 85
2005 86
2005 87
2005 72
2005 73
2005 74
2005 75
2005 88
2005 89
2005 90
2005 91
2005 76
2005 77
2005 78
2005 79
2005 92
2005 93
2005 94
2005 95
2005 0
2005 1
2005 2
2005 3
2005 16
2005 17
2005 18
2005 19
2005 4
2005 5
2005 6
2005 7
2005 20
2005 21
2005 22
2005 23
2005 8
2005 9
2005 10
2005 11
2005 24
2005 25
2005 26
2005 27
2005 12
2005 13
2005 14
2005 15
2005 28
2005 29
2005 30
2005 31
2005 224
2005 225
2005 226
2005 227
2005 240
2005 241
2005 242
2005 243
2005 228
2005 229
2005 230
2005 231
2005 244
2005 245
2005 246
2005 247
2005 232
2005 233
2005 234
2005 235
2005 248
2005 249
2005 250
2005 251
2005 236
2005 237
2005 238
2005 239
2005 252
2005 253
2005 254
2005 255
2005 128
2005 129
2005 130
2005 131
2005 144
2005 145
2005 146
2005 147
2005 132
2005 133
2005 134
2005 135
2005 148
2005 149
2005 150
2005 151
2005 136
2005 137
2005 138
2005 139
2005 152
2005 153
2005 154
2005 155
2005 140
2005 141
2005 142
2005 143
2005 156
2005 157
2005 158
2005 159
2005 96
2005 97
2005 98
2005 99
2005 112
2005 113
2005 114
2005 115
2005 100
2005 101
2005 102
2005 103
2005 116
2005 117
2005 118
2005 119
2005 104
2005 105
2005 106
2005 107
2005 120
2005 121
2005 122
2005 123
2005 108
2005 109
2005 110
2005 111
2005 124
2005 125
2005 126
2005 127
2005 352
2005 353
2005 354
2005 355
2005 368
2005 369
2005 370
2005 371
2005 356
2005 357
2005 358
2005 359
2005 372
2005 373
2005 374
2005 375
2005 360
2005 361
2005 362
2005 363
2005 376
2005 377
2005 378
2005 379
2005 364
2005 365
2005 366
2005 367
2005 380
2005 381
2005 382
2005 383
2005 256
2005 257
2005 258
2005 259
2005 272
2005 273
2005 274
2005 275
2005 260
2005 261
2005 262
2005 263
2005 276
2005 277
2005 278
2005 279
2005 264
2005 265
2005 266
2005 267
2005 280
2005 281
2005 282
2005 283
2005 268
2005 269
2005 270
2005 271
2005 284
2005 285
2005 286
2005 287
2005 288
2005 289
2005 290
2005 291
2005 304
2005 305
2005 306
2005 307
2005 292
2005 293
2005 294
2005 295
2005 308
2005 309
2005 310
2005 311
2005 296
2005 297
2005 298
2005 299
2005 312
2005 313
2005 314
2005 315
2005 300
2005 301
2005 302
2005 303
2005 316
2005 317
2005 318
2005 319
2005 160
2005 161
2005 162
2005 163
2005 176
2005 177
2005 178
2005 179
2005 164
2005 165
2005 166
2005 167
2005 180
2005 181
2005 182
2005 183
2005 168
2005 169
2005 170
2005 171
2005 184
2005 185
2005 186
2005 187
2005 172
2005 173
2005 174
2005 175
2005 188
2005 189
2005 190
2005 191
2005 416
2005 417
2005 418
2005 419
2005 432
2005 433
2005 434
2005 435
2005 420
2005 421
2005 422
2005 423
2005 436
2005 437
2005 438
2005 439
2005 424
2005 425
2005 426
2005 427
2005 440
2005 441
2005 442
2005 443
2005 428
2005 429
2005 430
2005 431
2005 444
2005 445
2005 446
2005 447
2006 480
2006 481
2006 482
2006 483
2006 496
2006 497
2006 498
2006 499
2006 484
2006 485
2006 486
2006 487
2006 488
2006 489
2006 490
2006 491
2006 492
2006 493
2006 494
2006 495
2006 192
2006 193
2006 194
2006 195
2006 208
2006 209
2006 210
2006 211
2006 196
2006 197
2006 198
2006 199
2006 212
2006 213
2006 214
2006 215
2006 200
2006 201
2006 202
2006 203
2006 216
2006 217
2006 218
2006 219
2006 204
2006 205
2006 206
2006 207
2006 220
2006 221
2006 222
2006 223
2006 448
2006 449
2006 450
2006 451
2006 464
2006 465
2006 466
2006 467
2006 452
2006 453
2006 454
2006 455
2006 468
2006 469
2006 470
2006 471
2006 456
2006 457
2006 458
2006 459
2006 472
2006 473
2006 474
2006 475
2006 460
2006 461
2006 462
2006 463
2006 476
2006 477
2006 478
2006 479
2006 320
2006 321
2006 322
2006 323
2006 336
2006 337
2006 338
2006 339
2006 324
2006 325
2006 326
2006 327
2006 340
2006 341
2006 342
2006 343
2006 328
2006 329
2006 330
2006 331
2006 344
2006 345
2006 346
2006 347
2006 332
2006 333
2006 334
2006 335
2006 348
2006 349
2006 350
2006 351
2006 32
2006 33
2006 34
2006 35
2006 48
2006 49
2006 50
2006 51
2006 36
2006 37
2006 38
2006 39
2006 52
2006 53
2006 54
2006 55
2006 40
2006 41
2006 42
2006 43
2006 56
2006 57
2006 58
2006 59
2006 44
2006 45
2006 46
2006 47
2006 60
2006 61
2006 62
2006 63
2006 384
2006 385
2006 386
2006 387
2006 400
2006 401
2006 402
2006 403
2006 388
2006 389
2006 390
2006 391
2006 404
2006 405
2006 406
2006 407
2006 392
2006 393
2006 394
2006 395
2006 408
2006 409
2006 410
2006 411
2006 396
2006 397
2006 398
2006 399
2006 412
2006 413
2006 414
2006 415
2006 64
2006 65
2006 66
2006 67
2006 80
2006 81
2006 82
2006 83
2006 68
2006 69
2006 70
2006 71
2006 84
2006 85
2006 86
2006 87
2006 72
2006 73
2006 74
2006 75
2006 88
2006 89
2006 90
2006 91
2006 76
2006 77
2006 78
2006 79
2006 92
2006 93
2006 94
2006 95
2006 0
2006 1
2006 2
2006 3
2006 16
2006 17
2006 18
2006 19
2006 4
2006 5
2006 6
2006 7
2006 20
2006 21
2006 22
2006 23
2006 8
2006 9
2006 10
2006 11
2006 24
2006 25
2006 26
2006 27
2006 12
2006 13
2006 14
2006 15
2006 28
2006 29
2006 30
2006 31
2006 224
2006 225
2006 226
2006 227
2006 240
2006 241
2006 242
2006 243
2006 228
2006 229
2006 230
2006 231
2006 244
2006 245
2006 246
2006 247
2006 232
2006 233
2006 234
2006 235
2006 248
2006 249
2006 250
2006 251
2006 236
2006 237
2006 238
2006 239
2006 252
2006 253
2006 254
2006 255
2006 128
2006 129
2006 130
2006 131
2006 144
2006 145
2006 146
2006 147
2006 132
2006 133
2006 134
2006 135
2006 148
2006 149
2006 150
2006 151
2006 136
2006 137
2006 138
2006 139
2006 152
2006 153
2006 154
2006 155
2006 140
2006 141
2006 142
2006 143
2006 156
2006 157
2006 158
2006 159
2006 96
2006 97
2006 98
2006 99
2006 112
2006 113
2006 114
2006 115
2006 100
2006 101
2006 102
2006 103
2006 116
2006 117
2006 118
2006 119
2006 104
2006 105
2006 106
2006 107
2006 120
2006 121
2006 122
2006 123
2006 108
2006 109
2006 110
2006 111
2006 124
2006 125
2006 126
2006 127
2006 352
2006 353
2006 354
2006 355
2006 368
2006 369
2006 370
2006 371
2006 356
2006 357
2006 358
2006 359
2006 372
2006 373
2006 374
2006 375
2006 360
2006 361
2006 362
2006 363
2006 376
2006 377
2006 378
2006 379
2006 364
2006 365
2006 366
2006 367
2006 380
2006 381
2006 382
2006 383
2006 256
2006 257
2006 258
2006 259
2006 272
2006 273
2006 274
2006 275
2006 260
2006 261
2006 262
2006 263
2006 276
2006 277
2006 278
2006 279
2006 264
2006 265
2006 266
2006 267
2006 280
2006 281
2006 282
2006 283
2006 268
2006 269
2006 270
2006 271
2006 284
2006 285
2006 286
2006 287
2006 288
2006 289
2006 290
2006 291
2006 304
2006 305
2006 306
2006 307
2006 292
2006 293
2006 294
2006 295
2006 308
2006 309
2006 310
2006 311
2006 296
2006 297
2006 298
2006 299
2006 312
2006 313
2006 314
2006 315
2006 300
2006 301
2006 302
2006 303
2006 316
2006 317
2006 318
2006 319
2006 160
2006 161
2006 162
2006 163
2006 176
2006 177
2006 178
2006 179
2006 164
2006 165
2006 166
2006 167
2006 180
2006 181
2006 182
2006 183
2006 168
2006 169
2006 170
2006 171
2006 184
2006 185
2006 186
2006 187
2006 172
2006 173
2006 174
2006 175
2006 188
2006 189
2006 190
2006 191
2006 416
2006 417
2006 418
2006 419
2006 432
2006 433
2006 434
2006 435
2006 420
2006 421
2006 422
2006 423
2006 436
2006 437
2006 438
2006 439
2006 424
2006 425
2006 426
2006 427
2006 440
2006 441
2006 442
2006 443
2006 428
2006 429
2006 430
2006 431
2006 444
2006 445
2006 446
2006 447
2007 480
2007 481
2007 482
2007 483
2007 496
2007 497
2007 498
2007 499
2007 484
2007 485
2007 486
2007 487
2007 488
2007 489
2007 490
2007 491
2007 492
2007 493
2007 494
2007 495
2007 192
2007 193
2007 194
2007 195
2007 208
2007 209
2007 210
2007 211
2007 196
2007 197
2007 198
2007 199
2007 212
2007 213
2007 214
2007 215
2007 200
2007 201
2007 202
2007 203
2007 216
2007 217
2007 218
2007 219
2007 204
2007 205
2007 206
2007 207
2007 220
2007 221
2007 222
2007 223
2007 448
2007 449
2007 450
2007 451
2007 464
2007 465
2007 466
2007 467
2007 452
2007 453
2007 454
2007 455
2007 468
2007 469
2007 470
2007 471
2007 456
2007 457
2007 458
2007 459
2007 472
2007 473
2007 474
2007 475
2007 460
2007 461
2007 462
2007 463
2007 476
2007 477
2007 478
2007 479
2007 320
2007 321
2007 322
2007 323
2007 336
2007 337
2007 338
2007 339
2007 324
2007 325
2007 326
2007 327
2007 340
2007 341
2007 342
2007 343
2007 328
2007 329
2007 330
2007 331
2007 344
2007 345
2007 346
2007 347
2007 332
2007 333
2007 334
2007 335
2007 348
2007 349
2007 350
2007 351
2007 32
2007 33
2007 34
2007 35
2007 48
2007 49
2007 50
2007 51
2007 36
2007 37
2007 38
2007 39
2007 52
2007 53
2007 54
2007 55
2007 40
2007 41
2007 42
2007 43
2007 56
2007 57
2007 58
2007 59
2007 44
2007 45
2007 46
2007 47
2007 60
2007 61
2007 62
2007 63
2007 384
2007 385
2007 386
2007 387
2007 400
2007 401
2007 402
2007 403
2007 388
2007 389
2007 390
2007 391
2007 404
2007 405
2007 406
2007 407
2007 392
2007 393
2007 394
2007 395
2007 408
2007 409
2007 410
2007 411
2007 396
2007 397
2007 398
2007 399
2007 412
2007 413
2007 414
2007 415
2007 64
2007 65
2007 66
2007 67
2007 80
2007 81
2007 82
2007 83
2007 68
2007 69
2007 70
2007 71
2007 84
2007 85
2007 86
2007 87
2007 72
2007 73
2007 74
2007 75
2007 88
2007 89
2007 90
2007 91
2007 76
2007 77
2007 78
2007 79
2007 92
2007 93
2007 94
2007 95
2007 0
2007 1
2007 2
2007 3
2007 16
2007 17
2007 18
2007 19
2007 4
2007 5
2007 6
2007 7
2007 20
2007 21
2007 22
2007 23
2007 8
2007 9
2007 10
2007 11
2007 24
2007 25
2007 26
2007 27
2007 12
2007 13
2007 14
2007 15
2007 28
2007 29
2007 30
2007 31
2007 224
2007 225
2007 226
2007 227
2007 240
2007 241
2007 242
2007 243
2007 228
2007 229
2007 230
2007 231
2007 244
2007 245
2007 246
2007 247
2007 232
2007 233
2007 234
2007 235
2007 248
2007 249
2007 250
2007 251
2007 236
2007 237
2007 238
2007 239
2007 252
2007 253
2007 254
2007 255
2007 128
2007 129
2007 130
2007 131
2007 144
2007 145
2007 146
2007 147
2007 132
2007 133
2007 134
2007 135
2007 148
2007 149
2007 150
2007 151
2007 136
2007 137
2007 138
2007 139
2007 152
2007 153
2007 154
2007 155
2007 140
2007 141
2007 142
2007 143
2007 156
2007 157
2007 158
2007 159
2007 96
2007 97
2007 98
2007 99
2007 112
2007 113
2007 114
2007 115
2007 100
2007 101
2007 102
2007 103
2007 116
2007 117
2007 118
2007 119
2007 104
2007 105
2007 106
2007 107
2007 120
2007 121
2007 122
2007 123
2007 108
2007 109
2007 110
2007 111
2007 124
2007 125
2007 126
2007 127
2007 352
2007 353
2007 354
2007 355
2007 368
2007 369
2007 370
2007 371
2007 356
2007 357
2007 358
2007 359
2007 372
2007 373
2007 374
2007 375
2007 360
2007 361
2007 362
2007 363
2007 376
2007 377
2007 378
2007 379
2007 364
2007 365
2007 366
2007 367
2007 380
2007 381
2007 382
2007 383
2007 256
2007 257
2007 258
2007 259
2007 272
2007 273
2007 274
2007 275
2007 260
2007 261
2007 262
2007 263
2007 276
2007 277
2007 278
2007 279
2007 264
2007 265
2007 266
2007 267
2007 280
2007 281
2007 282
2007 283
2007 268
2007 269
2007 270
2007 271
2007 284
2007 285
2007 286
2007 287
2007 288
2007 289
2007 290
2007 291
2007 304
2007 305
2007 306
2007 307
2007 292
2007 293
2007 294
2007 295
2007 308
2007 309
2007 310
2007 311
2007 296
2007 297
2007 298
2007 299
2007 312
2007 313
2007 314
2007 315
2007 300
2007 301
2007 302
2007 303
2007 316
2007 317
2007 318
2007 319
2007 160
2007 161
2007 162
2007 163
2007 176
2007 177
2007 178
2007 179
2007 164
2007 165
2007 166
2007 167
2007 180
2007 181
2007 182
2007 183
2007 168
2007 169
2007 170
2007 171
2007 184
2007 185
2007 186
2007 187
2007 172
2007 173
2007 174
2007 175
2007 188
2007 189
2007 190
2007 191
2007 416
2007 417
2007 418
2007 419
2007 432
2007 433
2007 434
2007 435
2007 420
2007 421
2007 422
2007 423
2007 436
2007 437
2007 438
2007 439
2007 424
2007 425
2007 426
2007 427
2007 440
2007 441
2007 442
2007 443
2007 428
2007 429
2007 430
2007 431
2007 444
2007 445
2007 446
2007 447
2008 480
2008 481
2008 482
2008 483
2008 496
2008 497
2008 498
2008 499
2008 484
2008 485
2008 486
2008 487
2008 488
2008 489
2008 490
2008 491
2008 492
2008 493
2008 494
2008 495
2008 192
2008 193
2008 194
2008 195
2008 208
2008 209
2008 210
2008 211
2008 196
2008 197
2008 198
2008 199
2008 212
2008 213
2008 214
2008 215
2008 200
2008 201
2008 202
2008 203
2008 216
2008 217
2008 218
2008 219
2008 204
2008 205
2008 206
2008 207
2008 220
2008 221
2008 222
2008 223
2008 448
2008 449
2008 450
2008 451
2008 464
2008 465
2008 466
2008 467
2008 452
2008 453
2008 454
2008 455
2008 468
2008 469
2008 470
2008 471
2008 456
2008 457
2008 458
2008 459
2008 472
2008 473
2008 474
2008 475
2008 460
2008 461
2008 462
2008 463
2008 476
2008 477
2008 478
2008 479
2008 320
2008 321
2008 322
2008 323
2008 336
2008 337
2008 338
2008 339
2008 324
2008 325
2008 326
2008 327
2008 340
2008 341
2008 342
2008 343
2008 328
2008 329
2008 330
2008 331
2008 344
2008 345
2008 346
2008 347
2008 332
2008 333
2008 334
2008 335
2008 348
2008 349
2008 350
2008 351
2008 32
2008 33
2008 34
2008 35
2008 48
2008 49
2008 50
2008 51
2008 36
2008 37
2008 38
2008 39
2008 52
2008 53
2008 54
2008 55
2008 40
2008 41
2008 42
2008 43
2008 56
2008 57
2008 58
2008 59
2008 44
2008 45
2008 46
2008 47
2008 60
2008 61
2008 62
2008 63
2008 384
2008 385
2008 386
2008 387
2008 400
2008 401
2008 402
2008 403
2008 388
2008 389
2008 390
2008 391
2008 404
2008 405
2008 406
2008 407
2008 392
2008 393
2008 394
2008 395
2008 408
2008 409
2008 410
2008 411
2008 396
2008 397
2008 398
2008 399
2008 412
2008 413
2008 414
2008 415
2008 64
2008 65
2008 66
2008 67
2008 80
2008 81
2008 82
2008 83
2008 68
2008 69
2008 70
2008 71
2008 84
2008 85
2008 86
2008 87
2008 72
2008 73
2008 74
2008 75
2008 88
2008 89
2008 90
2008 91
2008 76
2008 77
2008 78
2008 79
2008 92
2008 93
2008 94
2008 95
2008 0
2008 1
2008 2
2008 3
2008 16
2008 17
2008 18
2008 19
2008 4
2008 5
2008 6
2008 7
2008 20
2008 21
2008 22
2008 23
2008 8
2008 9
2008 10
2008 11
2008 24
2008 25
2008 26
2008 27
2008 12
2008 13
2008 14
2008 15
2008 28
2008 29
2008 30
2008 31
2008 224
2008 225
2008 226
2008 227
2008 240
2008 241
2008 242
2008 243
2008 228
2008 229
2008 230
2008 231
2008 244
2008 245
2008 246
2008 247
2008 232
2008 233
2008 234
2008 235
2008 248
2008 249
2008 250
2008 251
2008 236
2008 237
2008 238
2008 239
2008 252
2008 253
2008 254
2008 255
2008 128
2008 129
2008 130
2008 131
2008 144
2008 145
2008 146
2008 147
2008 132
2008 133
2008 134
2008 135
2008 148
2008 149
2008 150
2008 151
2008 136
2008 137
2008 138
2008 139
2008 152
2008 153
2008 154
2008 155
2008 140
2008 141
2008 142
2008 143
2008 156
2008 157
2008 158
2008 159
2008 96
2008 97
2008 98
2008 99
2008 112
2008 113
2008 114
2008 115
2008 100
2008 101
2008 102
2008 103
2008 116
2008 117
2008 118
2008 119
2008 104
2008 105
2008 106
2008 107
2008 120
2008 121
2008 122
2008 123
2008 108
2008 109
2008 110
2008 111
2008 124
2008 125
2008 126
2008 127
2008 352
2008 353
2008 354
2008 355
2008 368
2008 369
2008 370
2008 371
2008 356
2008 357
2008 358
2008 359
2008 372
2008 373
2008 374
2008 375
2008 360
2008 361
2008 362
2008 363
2008 376
2008 377
2008 378
2008 379
2008 364
2008 365
2008 366
2008 367
2008 380
2008 381
2008 382
2008 383
2008 256
2008 257
2008 258
2008 259
2008 272
2008 273
2008 274
2008 275
2008 260
2008 261
2008 262
2008 263
2008 276
2008 277
2008 278
2008 279
2008 264
2008 265
2008 266
2008 267
2008 280
2008 281
2008 282
2008 283
2008 268
2008 269
2008 270
2008 271
2008 284
2008 285
2008 286
2008 287
2008 288
2008 289
2008 290
2008 291
2008 304
2008 305
2008 306
2008 307
2008 292
2008 293
2008 294
2008 295
2008 308
2008 309
2008 310
2008 311
2008 296
2008 297
2008 298
2008 299
2008 312
2008 313
2008 314
2008 315
2008 300
2008 301
2008 302
2008 303
2008 316
2008 317
2008 318
2008 319
2008 160
2008 161
2008 162
2008 163
2008 176
2008 177
2008 178
2008 179
2008 164
2008 165
2008 166
2008 167
2008 180
2008 181
2008 182
2008 183
2008 168
2008 169
2008 170
2008 171
2008 184
2008 185
2008 186
2008 187
2008 172
2008 173
2008 174
2008 175
2008 188
2008 189
2008 190
2008 191
2008 416
2008 417
2008 418
2008 419
2008 432
2008 433
2008 434
2008 435
2008 420
2008 421
2008 422
2008 423
2008 436
2008 437
2008 438
2008 439
2008 424
2008 425
2008 426
2008 427
2008 440
2008 441
2008 442
2008 443
2008 428
2008 429
2008 430
2008 431
2008 444
2008 445
2008 446
2008 447
2009 480
2009 481
2009 482
2009 483
2009 496
2009 497
2009 498
2009 499
2009 484
2009 485
2009 486
2009 487
2009 488
2009 489
2009 490
2009 491
2009 492
2009 493
2009 494
2009 495
2009 192
2009 193
2009 194
2009 195
2009 208
2009 209
2009 210
2009 211
2009 196
2009 197
2009 198
2009 199
2009 212
2009 213
2009 214
2009 215
2009 200
2009 201
2009 202
2009 203
2009 216
2009 217
2009 218
2009 219
2009 204
2009 205
2009 206
2009 207
2009 220
2009 221
2009 222
2009 223
2009 448
2009 449
2009 450
2009 451
2009 464
2009 465
2009 466
2009 467
2009 452
2009 453
2009 454
2009 455
2009 468
2009 469
2009 470
2009 471
2009 456
2009 457
2009 458
2009 459
2009 472
2009 473
2009 474
2009 475
2009 460
2009 461
2009 462
2009 463
2009 476
2009 477
2009 478
2009 479
2009 320
2009 321
2009 322
2009 323
2009 336
2009 337
2009 338
2009 339
2009 324
2009 325
2009 326
2009 327
2009 340
2009 341
2009 342
2009 343
2009 328
2009 329
2009 330
2009 331
2009 344
2009 345
2009 346
2009 347
2009 332
2009 333
2009 334
2009 335
2009 348
2009 349
2009 350
2009 351
2009 32
2009 33
2009 34
2009 35
2009 48
2009 49
2009 50
2009 51
2009 36
2009 37
2009 38
2009 39
2009 52
2009 53
2009 54
2009 55
2009 40
2009 41
2009 42
2009 43
2009 56
2009 57
2009 58
2009 59
2009 44
2009 45
2009 46
2009 47
2009 60
2009 61
2009 62
2009 63
2009 384
2009 385
2009 386
2009 387
2009 400
2009 401
2009 402
2009 403
2009 388
2009 389
2009 390
2009 391
2009 404
2009 405
2009 406
2009 407
2009 392
2009 393
2009 394
2009 395
2009 408
2009 409
2009 410
2009 411
2009 396
2009 397
2009 398
2009 399
2009 412
2009 413
2009 414
2009 415
2009 64
2009 65
2009 66
2009 67
2009 80
2009 81
2009 82
2009 83
2009 68
2009 69
2009 70
2009 71
2009 84
2009 85
2009 86
2009 87
2009 72
2009 73
2009 74
2009 75
2009 88
2009 89
2009 90
2009 91
2009 76
2009 77
2009 78
2009 79
2009 92
2009 93
2009 94
2009 95
2009 0
2009 1
2009 2
2009 3
2009 16
2009 17
2009 18
2009 19
2009 4
2009 5
2009 6
2009 7
2009 20
2009 21
2009 22
2009 23
2009 8
2009 9
2009 10
2009 11
2009 24
2009 25
2009 26
2009 27
2009 12
2009 13
2009 14
2009 15
2009 28
2009 29
2009 30
2009 31
2009 224
2009 225
2009 226
2009 227
2009 240
2009 241
2009 242
2009 243
2009 228
2009 229
2009 230
2009 231
2009 244
2009 245
2009 246
2009 247
2009 232
2009 233
2009 234
2009 235
2009 248
2009 249
2009 250
2009 251
2009 236
2009 237
2009 238
2009 239
2009 252
2009 253
2009 254
2009 255
2009 128
2009 129
2009 130
2009 131
2009 144
2009 145
2009 146
2009 147
2009 132
2009 133
2009 134
2009 135
2009 148
2009 149
2009 150
2009 151
2009 136
2009 137
2009 138
2009 139
2009 152
2009 153
2009 154
2009 155
2009 140
2009 141
2009 142
2009 143
2009 156
2009 157
2009 158
2009 159
2009 96
2009 97
2009 98
2009 99
2009 112
2009 113
2009 114
2009 115
2009 100
2009 101
2009 102
2009 103
2009 116
2009 117
2009 118
2009 119
2009 104
2009 105
2009 106
2009 107
2009 120
2009 121
2009 122
2009 123
2009 108
2009 109
2009 110
2009 111
2009 124
2009 125
2009 126
2009 127
2009 352
2009 353
2009 354
2009 355
2009 368
2009 369
2009 370
2009 371
2009 356
2009 357
2009 358
2009 359
2009 372
2009 373
2009 374
2009 375
2009 360
2009 361
2009 362
2009 363
2009 376
2009 377
2009 378
2009 379
2009 364
2009 365
2009 366
2009 367
2009 380
2009 381
2009 382
2009 383
2009 256
2009 257
2009 258
2009 259
2009 272
2009 273
2009 274
2009 275
2009 260
2009 261
2009 262
2009 263
2009 276
2009 277
2009 278
2009 279
2009 264
2009 265
2009 266
2009 267
2009 280
2009 281
2009 282
2009 283
2009 268
2009 269
2009 270
2009 271
2009 284
2009 285
2009 286
2009 287
2009 288
2009 289
2009 290
2009 291
2009 304
2009 305
2009 306
2009 307
2009 292
2009 293
2009 294
2009 295
2009 308
2009 309
2009 310
2009 311
2009 296
2009 297
2009 298
2009 299
2009 312
2009 313
2009 314
2009 315
2009 300
2009 301
2009 302
2009 303
2009 316
2009 317
2009 318
2009 319
2009 160
2009 161
2009 162
2009 163
2009 176
2009 177
2009 178
2009 179
2009 164
2009 165
2009 166
2009 167
2009 180
2009 181
2009 182
2009 183
2009 168
2009 169
2009 170
2009 171
2009 184
2009 185
2009 186
2009 187
2009 172
2009 173
2009 174
2009 175
2009 188
2009 189
2009 190
2009 191
2009 416
2009 417
2009 418
2009 419
2009 432
2009 433
2009 434
2009 435
2009 420
2009 421
2009 422
2009 423
2009 436
2009 437
2009 438
2009 439
2009 424
2009 425
2009 426
2009 427
2009 440
2009 441
2009 442
2009 443
2009 428
2009 429
2009 430
2009 431
2009 444
2009 445
2009 446
2009 447
